H BONM030106
D Distances between centers of interacting side chains in the parallel
  orientation
R PMID:15072433
A Boniecki, M., Rotkiewicz, P., Skolnick, J. and Kolinski, A.
T Protein fragment reconstruction using various modeling techniques
J J. Comput. Aided Mol. Des. 17, 725-738 (2003)
M rows = ARNDCQEGHILKMFPSTWYV, cols = ARNDCQEGHILKMFPSTWYV
  4.8
  5.5 6.7
  4.9 6.0 6.1
  5.0 6.0 5.0 5.0
  5.1 6.1 5.2 5.1 4.2
  5.3 6.4 5.9 5.5 6.1 6.1
  4.8 6.1 5.0 5.0 5.7 6.5 5.7
  4.5 6.7 5.3 6.1 5.2 7.2 5.3 4.5
  5.3 5.5 5.5 5.5 6.0 6.8 5.8 5.3 6.2
  5.5 6.2 5.3 6.0 5.9 6.0 5.9 5.2 6.3 6.4
  5.4 6.0 5.8 5.6 5.7 5.6 5.7 5.7 5.8 6.3 6.2
  5.4 5.3 5.9 5.8 6.5 5.8 6.3 4.9 5.9 5.9 6.0 5.5
  5.3 6.1 5.7 5.5 5.3 5.2 6.2 5.3 5.7 6.1 6.3 5.8 5.5
  5.8 5.9 6.1 5.6 5.9 6.1 6.0 5.3 6.1 6.4 6.3 5.8 6.0 6.4
  4.9 5.3 5.1 5.4 5.2 5.8 5.6 4.4 5.4 5.9 5.9 5.4 6.1 5.6 5.2
  4.9 5.7 5.2 5.4 5.5 5.3 4.9 5.1 5.5 5.8 5.5 5.4 5.5 5.5 5.1 5.0
  4.9 6.0 5.2 5.2 6.0 6.3 5.3 5.0 5.9 6.1 5.9 5.6 5.7 5.9 5.3 5.2 5.5
  5.8 6.3 6.2 6.3 6.5 6.7 6.8 4.5 6.6 6.6 6.6 5.0 6.6 6.3 5.9 5.6 6.5 7.0
  5.7 6.5 6.1 6.2 5.9 5.5 6.5 6.2 5.7 6.2 6.0 5.8 6.0 6.1 6.0 6.1 6.5 6.1 6.2
  5.2 6.0 5.4 5.6 5.8 6.0 5.5 4.9 5.8 6.1 6.1 6.3 5.9 6.1 5.5 5.4 5.8 6.4 6.1 5.8
//
