H BONM030103
D Quasichemical statistical potential for the parallel orientation of interacting
  side groups
R PMID:15072433 
A Boniecki, M., Rotkiewicz, P., Skolnick, J. and Kolinski, A.
T Protein fragment reconstruction using various modeling techniques
J J. Comput. Aided Mol. Des. 17, 725-738 (2003)
M rows = ARNDCQEGHILKMFPSTWYV, cols = ARNDCQEGHILKMFPSTWYV
  -0.1
   0.3 -0.8
   0.1 -0.8 -0.6
   0.1 -1.2 -0.6 -0.2
  -0.5 -0.6 -0.1  0.2 -1.6
   0.2 -1.0 -0.3 -0.3  0.0 -0.3
   0.4 -1.4 -0.2  0.1  0.6 -0.2  0.2
   0.3  0.3  0.1  0.2 -0.2  0.2  0.4  0.1
   0.0 -0.9 -0.8 -1.0 -1.3 -0.9 -1.0  0.3 -1.5
  -0.4 -0.6  0.2  0.4 -0.8  0.0  0.2  0.1 -0.7 -1.0
  -0.4 -0.6  0.2  0.5 -0.9 -0.2  0.2  0.2 -0.8 -1.0 -1.2
   0.4 -0.4 -0.2 -0.8  0.5 -0.3 -1.0  0.4 -0.6  0.2  0.3  0.3
  -0.3 -0.6  0.2  0.4 -0.7  0.0  0.3  0.2 -0.9 -0.8 -0.9  0.3 -1.0
  -0.2 -0.6 -0.6 -0.3 -1.5 -0.6 -0.4  0.1 -0.9 -1.4 -1.4 -0.2 -1.4 -1.5
   0.4 -0.5  0.3  0.5 -0.1  0.3  0.4  0.4 -0.6  0.3  0.4  0.6  0.2 -0.6  0.8
  -0.2 -0.8 -0.4 -0.5 -0.5 -0.2 -0.2  0.0 -0.9  0.0  0.0 -0.1  0.0 -0.8  0.3 -0.5
  -0.1 -0.9 -0.4 -0.4 -0.4 -0.4 -0.4  0.0 -0.9 -0.3 -0.3 -0.2 -0.2 -0.8  0.2 -0.5 -0.5
   0.2 -0.7 -0.8 -0.5 -1.3 -0.9 -0.6  0.1 -1.1 -1.2 -1.1 -0.5 -1.1 -1.4 -0.9 -0.8 -0.8 -1.6
  -0.1 -1.0 -0.8 -0.7 -1.1 -0.8 -0.7  0.0 -1.2 -1.2 -1.1 -0.8 -1.1 -1.3 -0.8 -0.8 -0.8 -1.3 -1.1
  -0.4 -0.6  0.1  0.4 -0.9  0.0  0.2  0.1 -0.9 -0.9 -1.0  0.1 -0.8 -1.4  0.2 -0.2 -0.3 -1.1 -1.1 -1.0
//
