H BRYS930101
D Distance-dependent statistical potential (only energies of contacts within
   0-5 Angstrooms are included)
R PMID:8497488
A Bryant, S.H. and Lawrence, C.E.
T An Empirical Energy Function for Threading Protein-Sequence Through the
  Folding Motif
J Proteins 16, 92-112 (1993)
M rows = ARNDCQEGHILKMFPSTWYV, cols = ARNDCQEGHILKMFPSTWYV
   0.230
   0.237 -0.145
   0.159 -0.303 -0.206
   0.140 -0.527 -0.534  0.539
   0.159  0.174  0.105 -0.137 -0.524
  -0.008  0.222 -0.187 -0.128  0.487 -0.430
   0.182 -0.717 -0.262 -0.178  0.121 -0.728  1.060
   0.282 -0.037 -0.097 -0.336 -0.187 -0.072 -0.041 -0.068
  -0.079  0.111 -0.141 -0.270 -0.187  0.247  0.072  0.127  0.392
  -0.535 -0.014  0.456  0.229 -0.415  0.020  0.385  0.127 -0.062 -0.051
  -0.245  0.374  0.430  0.316 -0.061  0.391  0.480 -0.004  0.029 -0.223 -0.070
   0.063  0.734  0.222 -0.759  1.115 -0.181 -0.782  0.065 -0.235 -0.058 -0.015  0.567
  -0.364  0.509  0.405  0.097 -0.032  0.013  0.188  0.084  0.293 -0.103 -0.253  0.347 -0.006
   0.132 -0.018  0.336  0.118 -0.095  0.283  0.270  0.457 -0.141 -0.348 -0.460  0.259 -0.501 -0.163
   0.022 -0.176  0.109  0.175 -0.199 -0.545 -0.064  0.127  0.037  0.382 -0.170  0.068 -0.104 -0.083  0.033
   0.115 -0.263 -0.334 -0.565 -0.164  0.298 -0.207 -0.100  0.080  0.254  0.390 -0.246  0.259  0.357  0.057 -0.150
   0.002  0.250 -0.018 -0.433  0.021  0.060 -0.006 -0.106  0.061  0.167  0.075 -0.170  0.087  0.058  0.108 -0.430 -0.315
   0.117 -0.244  0.538  1.287  0.080  0.459 -0.089  0.036 -0.098 -0.505 -0.635 -0.822 -0.783 -0.185 -0.312  0.298  0.040  0.707
  -0.030  0.044 -0.491  0.694  0.069 -0.036 -0.004  0.121 -0.305 -0.100 -0.289 -0.294 -0.218 -0.335  0.071  0.442  0.492 -0.105  0.211
  -0.359 -0.011  0.158  0.442 -0.026 -0.191  0.255  0.141  0.006 -0.253 -0.454  0.253 -0.265 -0.288  0.358  0.316  0.251 -0.034  0.075 -0.641
//
