H GODA950101
D Quasichemical statistical potential derived from  buried contacts
R PMID:8535247
A Godzik, A., Kolinski, A. and Skolnick, J.
T Are Proteins Ideal Mixtures of Amino-Acids-Analysis
  of Energy Parameter Sets
J Protein Science 4, 2107-2117 (1995)
* (Glu is not available)
M rows = ARNDCQEGHILKMFPSTWYV, cols = ARNDCQEGHILKMFPSTWYV
   0.1
   0.3 -0.4
   0.1 -0.5 -0.7
   0.2 -1.0 -0.6 -0.3
   0.1  0.4 -0.1  0.3 -0.9
   0.0 -0.4 -0.6 -0.3  0.1 -0.4
   0.3 -1.0 -0.5 -0.3  0.4 -0.3 -0.4
  NA   NA   NA   NA   NA   NA   NA   NA
   0.2 -0.2 -0.3 -0.7  0.0 -0.2 -0.6  NA  -0.8
  -0.1  0.3  0.4  0.5  0.2  0.2  0.5  NA   0.4 -0.1
  -0.1  0.3  0.3  0.6  0.1  0.3  0.5  NA   0.4 -0.1 -0.2
   0.3  0.3 -0.5 -0.9  0.4 -0.3 -0.8  NA   0.0  0.2  0.3  0.1
   0.0  0.3  0.1  0.5  0.1  0.1  0.3  NA   0.2  0.0  0.0  0.2 -0.2
  -0.1  0.2  0.1  0.3  0.1  0.1  0.3  NA   0.1  0.0 -0.1  0.1 -0.1 -0.2
   0.0 -0.3 -0.3  0.0 -0.1 -0.4 -0.1  NA  -0.1  0.2  0.1  0.1  0.0 -0.1 -0.3
   0.1 -0.3 -0.4 -0.5  0.1 -0.3 -0.5  NA  -0.3  0.4  0.4 -0.3  0.3  0.1 -0.3 -0.4
   0.0 -0.1 -0.3 -0.3  0.0 -0.2 -0.2  NA  -0.1  0.1  0.2 -0.1  0.1  0.1 -0.2 -0.2  0.0
   0.0 -0.1  0.0  0.0  0.2 -0.1  0.0  NA   0.0  0.1  0.1 -0.1 -0.1 -0.1 -0.4  0.2  0.2  0.0
  -0.1 -0.3 -0.2 -0.2  0.1 -0.2 -0.3  NA  -0.1  0.1  0.0 -0.3 -0.1  0.0 -0.4 -0.1  0.0  0.1 -0.1
  -0.1  0.4  0.3  0.6  0.0  0.2  0.4  NA   0.5 -0.1 -0.1  0.4  0.1  0.0  0.1  0.3  0.2  0.1  0.1 -0.2
//
