H LIWA970101
D Modified version of the Miyazawa-Jernigan transfer energy
A Liwo, A., Oldziej, S., Pincus, M.R., Wawak, R.J., Rackovsky, S. and Scheraga,
  H.A.
T A united-residue force field for off-lattice protein-structure simulations:
   1. Functional forms and parameters of long-range side-chain interaction
  potentials from protein crystal data.
J J. Comp. Chem. 18, 849-873 (1997)
M rows = ARNDCQEGHILKMFPSTWYV, cols = ARNDCQEGHILKMFPSTWYV
  -3.28
  -2.56 -2.03
  -2.59 -2.19 -2.24
  -2.52 -2.67 -2.21 -1.85
  -3.93 -3.02 -3.14 -3.12 -4.54
  -2.67 -2.25 -2.26 -2.09 -3.31 -1.94
  -2.45 -2.61 -2.14 -1.77 -2.97 -1.93 -1.60
  -2.91 -2.43 -2.41 -2.34 -3.68 -2.39 -2.12 -2.62
  -2.95 -2.60 -2.60 -2.70 -3.87 -2.48 -2.49 -2.77 -3.27
  -4.18 -3.42 -3.13 -3.09 -4.90 -3.30 -3.11 -3.61 -3.74 -5.29
  -4.06 -3.24 -3.09 -2.84 -4.72 -3.17 -2.85 -3.56 -3.69 -5.21 -5.03
  -2.28 -1.47 -1.95 -2.22 -2.71 -1.84 -2.20 -2.08 -2.02 -2.95 -2.74 -1.14
  -3.93 -3.15 -3.04 -2.80 -4.72 -3.24 -2.90 -3.40 -3.80 -4.95 -4.91 -2.58 -4.80
  -4.04 -3.26 -3.17 -2.95 -4.94 -3.25 -2.89 -3.52 -3.95 -5.25 -5.18 -2.70 -5.03 -5.22
  -2.81 -2.29 -2.28 -2.16 -3.50 -2.35 -2.09 -2.60 -2.69 -3.62 -3.55 -1.95 -3.43 -3.54 -2.53
  -2.76 -2.46 -2.36 -2.31 -3.56 -2.34 -2.22 -2.61 -2.76 -3.58 -3.47 -2.01 -3.35 -3.46 -2.57 -2.47
  -2.97 -2.55 -2.43 -2.43 -3.73 -2.46 -2.33 -2.78 -2.97 -3.87 -3.61 -2.13 -3.62 -3.70 -2.68 -2.74 -2.81
  -3.81 -3.42 -3.23 -3.12 -4.60 -3.25 -3.04 -3.47 -3.94 -4.98 -4.87 -2.84 -4.87 -5.07 -3.60 -3.30 -3.44 -4.74
  -3.41 -3.01 -2.82 -2.84 -4.08 -2.90 -2.71 -3.12 -3.42 -4.51 -4.32 -2.58 -4.30 -4.43 -3.23 -2.97 -3.16 -4.20 -3.69
  -3.93 -3.00 -3.02 -2.82 -4.53 -3.05 -2.84 -3.42 -3.44 -5.01 -4.85 -2.69 -4.59 -4.89 -3.39 -3.35 -3.58 -4.63 -4.04 -4.64
//
