H MIYS960102
D Quasichemical energy of interactions in an average buried environment
R PMID:8604144
A Miyazawa, S. and Jernigan, R.L.
T Residue-residue potentials with a favorable contact pair term
  and an unfavorable high packing density term, for simulation
  and threading
J J. Mol. Biol. 256, 623-644 (1996)
M rows = ARNDCQEGHILKMFPSTWYV, cols = ARNDCQEGHILKMFPSTWYV
  -0.13
   0.30  0.12
   0.10 -0.16 -0.39
   0.16 -0.89 -0.47 -0.08
   0.02  0.56  0.35  0.45 -0.85
   0.13 -0.24 -0.34 -0.17  0.17 -0.09
   0.30 -0.92 -0.35  0.06  0.54 -0.18  0.12
  -0.10  0.03 -0.18 -0.11  0.05 -0.02  0.21 -0.41
   0.17 -0.04 -0.15 -0.47 -0.02  0.03 -0.35  0.05 -0.48
  -0.14  0.35  0.55  0.54 -0.06  0.20  0.39  0.28  0.29 -0.25
  -0.08  0.34  0.44  0.70  0.00  0.22  0.46  0.29  0.28 -0.36 -0.30
   0.23  0.49 -0.32 -0.87  0.59 -0.32 -1.04  0.01  0.18  0.38  0.41  0.37
   0.00  0.36  0.34  0.64 -0.05  0.07  0.27  0.17 -0.05 -0.23 -0.23  0.41 -0.17
  -0.03  0.34  0.38  0.57 -0.02  0.11  0.44  0.27  0.00 -0.21 -0.26  0.37 -0.43 -0.29
   0.08 -0.05 -0.07  0.05  0.04 -0.19  0.07 -0.14 -0.15  0.20  0.15  0.09  0.01  0.05 -0.12
  -0.01 -0.08 -0.23 -0.36  0.14 -0.06 -0.26 -0.20 -0.12  0.33  0.32 -0.10  0.32  0.17 -0.05 -0.26
  -0.01 -0.05 -0.22 -0.22  0.20 -0.16 -0.21 -0.15 -0.12  0.13  0.21 -0.05  0.15  0.22 -0.07 -0.24 -0.09
   0.01 -0.04  0.11  0.26 -0.12  0.15  0.06  0.03 -0.16 -0.10 -0.07  0.09 -0.37 -0.14 -0.38  0.25  0.33  0.01
   0.07 -0.19  0.02 -0.06  0.27 -0.11 -0.14  0.04 -0.10  0.03  0.00 -0.22 -0.13 -0.04 -0.24  0.06  0.14  0.01  0.10
  -0.13  0.38  0.43  0.70 -0.05  0.27  0.46  0.15  0.32 -0.29 -0.33  0.37 -0.06 -0.19  0.11  0.27  0.17 -0.03  0.13 -0.29
//
