H MIYS850103
D Quasichemical energy of interactions in an average buried environment
A Miyazawa, S. and Jernigan, R.L.
T Estimation of Effective Interresidue Contact Energies 
  from Protein Crystal-Structures-Quasi-Chemical Approximation
J Macromolecules 18, 534-552 (1985)
M rows = ARNDCQEGHILKMFPSTWYV, cols = ARNDCQEGHILKMFPSTWYV
  -0.13
   0.44  0.11
   0.28 -0.13 -0.53
   0.12 -0.73 -0.30  0.04
   0.00  0.24  0.13  0.03 -1.06
   0.07 -0.52 -0.25 -0.18  0.04  0.27
   0.25 -0.75 -0.33 -0.16  0.68 -0.18 -0.04
  -0.07 -0.04 -0.14 -0.23 -0.08 -0.07  0.24 -0.39
   0.34 -0.13 -0.24 -0.40 -0.20 -0.03 -0.46  0.19 -0.30
  -0.22  0.42  0.54  0.59  0.16  0.36  0.34  0.24  0.48 -0.22
  -0.01  0.36  0.30  0.67 -0.08  0.25  0.42  0.22  0.16 -0.41 -0.27
   0.15  0.75 -0.32 -0.76  0.71 -0.38 -0.97  0.11  0.21  0.36  0.19  0.25
   0.25  0.31  0.08  0.65  0.19  0.46  0.43  0.19  0.98 -0.28 -0.20  0.00  0.04
   0.03  0.41  0.18  0.39 -0.24  0.48  0.26  0.37 -0.17 -0.19 -0.30  0.43 -0.43 -0.45
   0.10 -0.38 -0.18  0.03 -0.01 -0.43 -0.11 -0.11 -0.21  0.25  0.42  0.11 -0.34  0.19  0.26
  -0.06  0.17 -0.14 -0.32 -0.03 -0.15 -0.27 -0.17 -0.06  0.21  0.24 -0.13  0.14  0.28  0.01 -0.20
  -0.09 -0.35 -0.11 -0.29  0.18 -0.14 -0.01 -0.27 -0.20  0.13  0.20 -0.09  0.19  0.31 -0.07 -0.08  0.02
  -0.09 -0.16  0.07  0.24  0.08  0.07  0.28  0.17 -0.13  0.01 -0.09  0.22 -0.67 -0.17 -0.29  0.34  0.21 -0.12
   0.08 -0.26 -0.20 -0.01  0.04 -0.21 -0.11  0.13 -0.35  0.11  0.24 -0.21 -0.13 -0.01 -0.34  0.08  0.13 -0.05 -0.07
  -0.11  0.29  0.49  0.57  0.05  0.23  0.33  0.15  0.18 -0.26 -0.30  0.43 -0.15 -0.23  0.08  0.17  0.24 -0.08  0.01 -0.30
//
