H MIYS960103
D Number of contacts between side chains derived from 1168 x-ray protein
  structures
R PMID:8604144
A Miyazawa, S. and Jernigan, R.L.
T Residue-residue potentials with a favorable contact pair term
  and an unfavorable high packing density term, for simulation
  and threading
J J. Mol. Biol. 256, 623-644 (1996)
M rows = ARNDCQEGHILKMFPSTWYV, cols = ARNDCQEGHILKMFPSTWYV
  11789
   5205 1558
   6465 3325 2605
   7836 8981 6075 2951
   4306 1120 1549 1584 5003
   5037 3062 3368 3550 1375 1253
   5933 8570 4550 4001 1189 3096  1884
  17079 5656 7319 8632 4168 4918  5248 10881
   3600 1883 2053 3603 1209 1332  2800  3425 1224
  16465 4065 3331 4318 3830 3772  4498  9071 2525  8432
  24837 6653 5751 5729 5395 6091  6706 13533 4133 26396 21432
   6019 1803 4260 9501 1200 3304 10234  6054 1554  4199  6531  1354
   5014 1463 1410 1389 1247 1490  1827  3376 1273  5188  8218  1456 1125
  10516 2956 2940 3217 2573 3056  3114  6523 2581 10183 17228  3098 4546  4778
   6368 3036 3077 3483 1983 2779  2989  6827 2097  4600  7632  2665 1916  3930 1824
  11447 4790 5920 8327 3012 3957  6343 12019 3073  6443 10084  5117 2205  5567 4843  5458
  11323 4720 5790 7362 2475 4412  6172 11312 3071  7958 11387  4940 2595  5281 4806  9465  4387
   3453 1588 1381 1444 1168 1057  1521  2946 1091  3101  4810  1367 1393  2498 2253  1889  1708  519
   7942 4433 3792 5105 2045 3350  4601  7235 2441  6770 10806  4678 2765  5549 4653  5537  5102 1975  2491
  21733 4867 4792 4606 4768 4541  5241 13584 3215 19830 32623  5437 5343 12746 6518  9059  9906 3723  7777 14091
//
