H MIYS990107
D Quasichemical energy of interactions in an average buried environment
R PMID:10336383
A Miyazawa, S. and Jernigan, R.L.
T Self-consistent estimation of inter-residue protein contact energies
  based on an equilibrium mixture approximation of residues
J Proteins 34, 49-68 (1999)
M rows = ARNDCQEGHILKMFPSTWYV, cols = ARNDCQEGHILKMFPSTWYV
  -0.08
   0.18  0.03
   0.07 -0.08 -0.26
   0.10 -0.51 -0.27 -0.09
   0.01  0.32  0.21  0.25 -0.55
   0.09 -0.14 -0.19 -0.10  0.10 -0.10
   0.19 -0.51 -0.19  0.04  0.31 -0.09  0.04
  -0.04  0.03 -0.09 -0.06  0.03  0.00  0.13 -0.25
   0.11 -0.01 -0.08 -0.27 -0.02  0.02 -0.19  0.04 -0.36
  -0.07  0.20  0.32  0.31 -0.04  0.12  0.24  0.17  0.17 -0.18
  -0.04  0.20  0.26  0.40 -0.01  0.13  0.28  0.18  0.16 -0.21 -0.20
   0.13  0.28 -0.18 -0.50  0.35 -0.17 -0.57  0.01  0.10  0.22  0.24  0.16
   0.00  0.20  0.19  0.36 -0.04  0.04  0.16  0.10 -0.02 -0.13 -0.13  0.24 -0.20
  -0.01  0.20  0.22  0.32 -0.02  0.07  0.26  0.16  0.01 -0.12 -0.15  0.22 -0.25 -0.22
   0.06 -0.02 -0.03  0.03  0.03 -0.09  0.05 -0.07 -0.08  0.12  0.09  0.06  0.01  0.03 -0.11
   0.01 -0.03 -0.12 -0.20  0.08 -0.04 -0.14 -0.10 -0.05  0.20  0.19 -0.05  0.19  0.10 -0.02 -0.17
   0.01 -0.02 -0.11 -0.13  0.12 -0.08 -0.10 -0.07 -0.06  0.08  0.12 -0.02  0.09  0.13 -0.03 -0.12 -0.07
   0.02 -0.02  0.07  0.15 -0.07  0.10  0.06  0.04 -0.08 -0.05 -0.03  0.06 -0.21 -0.08 -0.21  0.15  0.20 -0.10
   0.05 -0.10  0.02 -0.03  0.16 -0.06 -0.06  0.03 -0.05  0.02  0.00 -0.12 -0.08 -0.02 -0.13  0.04  0.09  0.01  0.01
  -0.07  0.23  0.25  0.40 -0.04  0.16  0.28  0.10  0.19 -0.16 -0.19  0.22 -0.03 -0.11  0.07  0.16  0.11 -0.01  0.08 -0.19
//
