H MOOG990101
D Quasichemical potential derived from interfacial regions of protein-protein
  complexes
R PMID:10328272
A Moont, G., Gabb, H.A. and Sternberg, M.J.E.
T Use of pair potentials across protein interfaces in screening predicted
  docked complexes
J Proteins 35, 364-373 (1999)
M rows = ARNDCQEGHILKMFPSTWYV, cols = ARNDCQEGHILKMFPSTWYV
  -0.48
  -0.20 -0.11
  -0.21  0.24 -0.18
  -0.39  0.45 -0.12 -0.65
  -0.12  0.17 -0.30 -0.49  0.00
  -0.16  0.24  0.08 -0.01  0.23 -0.29
  -0.39  0.37 -0.01 -0.35 -0.14 -0.05 -0.67
  -0.29  0.01 -0.18 -0.24  0.11  0.05 -0.37 -0.39
   0.04  0.10 -0.14  0.06  0.00  0.01  0.14  0.08  0.03
  -0.10  0.10 -0.05 -0.24  0.00  0.15 -0.28 -0.20  0.24 -0.20
   0.01  0.07 -0.29 -0.21  0.09  0.02 -0.29 -0.13  0.13  0.35 -0.06
  -0.53 -0.01 -0.17  0.16 -0.03 -0.17  0.16 -0.19 -0.02 -0.21 -0.07 -0.78
   0.15  0.37 -0.01  0.02  0.00  0.23  0.10  0.34  0.00  0.33  0.44  0.09  0.00
   0.13  0.31 -0.10 -0.01  0.18  0.16 -0.11 -0.12  0.34  0.59  0.41 -0.05  0.58  0.33
  -0.56  0.03  0.02 -0.22 -0.28 -0.14 -0.30 -0.27 -0.22 -0.43 -0.06 -0.46  0.39  0.08 -0.57
  -0.15  0.19 -0.16  0.00  0.15 -0.10 -0.10 -0.19  0.08 -0.14 -0.19 -0.24 -0.01  0.05 -0.13 -0.63
  -0.43  0.00 -0.23 -0.24 -0.17 -0.17 -0.23 -0.21  0.06 -0.05 -0.05 -0.22  0.10  0.03 -0.13 -0.05 -0.58
   0.08  0.37  0.04  0.02  0.00  0.22  0.00  0.10  0.00  0.43  0.25  0.06  0.00  0.34  0.35  0.05  0.03 0.00
   0.15  0.42  0.26  0.25  0.25  0.26  0.08  0.07  0.47  0.34  0.27  0.26  0.47  0.43  0.24  0.12  0.15 0.59 0.09
  -0.01 -0.04 -0.12 -0.29 -0.09  0.08 -0.13 -0.13 -0.10  0.20  0.21 -0.20  0.38  0.23 -0.10 -0.19 -0.13 0.40 0.27  0.00
//
