H PARB960101
D Statistical contact potential derived by the quasichemical approximation
R PMID:8627632
A Park, B. and Levitt, M.
T Energy functions that discriminate X-ray and near-native folds
  from well-constructed decoys
J J. Mol. Biol. 258, 367-392 (1996)
* (Glu is not available)
M rows = ARNDCQEGHILKMFPSTWYV, cols = ARNDCQEGHILKMFPSTWYV
   0.5
   0.2 -0.9
   0.3 -0.8 -0.7
   0.3 -1.4 -0.6  0.0
   0.3  0.0  0.0  0.0 -2.7
   0.0 -0.9 -0.7 -0.3 -0.2 -0.5
   0.6 -1.5 -0.6  0.0  0.1 -0.4  0.1
   NA   NA   NA   NA   NA   NA   NA   NA
   0.0 -1.0 -0.8 -1.1 -0.6 -0.5 -1.0   NA  -1.6
  -0.4 -0.7 -0.1  0.0 -0.8 -0.4 -0.2   NA  -0.8 -1.5
  -0.4 -0.6 -0.1  0.0 -0.8 -0.6 -0.1   NA  -0.7 -1.4 -1.4
   1.0  0.1 -0.3 -1.0  0.5 -0.4 -1.1   NA   0.0  0.0  0.1  0.7
  -0.5 -0.5 -0.3  0.1 -0.8 -0.6 -0.3   NA  -0.9 -1.4 -1.3 -0.1 -1.5
  -0.8 -0.9 -0.6 -0.3 -1.2 -0.8 -0.5   NA  -1.2 -1.7 -1.6 -0.4 -1.9 -2.0
   0.6 -0.2 -0.1  0.1  0.0 -0.3  0.1   NA  -0.4 -0.1 -0.1  0.6 -0.5 -0.7  0.1
   0.5 -0.4 -0.1 -0.3 -0.1  0.0 -0.2   NA  -0.6 -0.1  0.0  0.1 -0.1 -0.4  0.2  0.0
   0.0 -0.6 -0.4 -0.3 -0.3 -0.5 -0.3   NA  -0.7 -0.6 -0.3  0.0 -0.6 -0.7  0.0 -0.2 -0.5
  -0.8 -1.3 -0.8 -0.6 -1.3 -1.0 -0.8   NA  -1.5 -1.8 -1.7 -0.8 -2.0 -2.0 -1.3 -0.6 -0.9 -2.2
  -0.7 -1.4 -0.8 -1.0 -0.8 -1.1 -1.0   NA  -1.5 -1.4 -1.4 -1.0 -1.5 -1.7 -1.0 -0.6 -0.8 -1.8 -1.6
  -0.3 -0.5  0.0  0.4 -0.5 -0.4  0.0   NA  -0.5 -1.2 -1.2  0.1 -1.0 -1.5  0.0  0.0 -0.3 -1.6 -1.2 -1.1
//
