H PARB960102
D Modified version of the Miyazawa-Jernigan transfer energy
R PMID:8627632
A Park, B. and Levitt, M.
T Energy functions that discriminate X-ray and near-native folds
  from well-constructed decoys
J J. Mol. Biol. 258, 367-392 (1996)
* (Glu is not available)
M rows = ARNDCQEGHILKMFPSTWYV, cols = ARNDCQEGHILKMFPSTWYV
  -2.9
  -2.4 -2.9
  -2.8 -3.2 -3.6
  -2.6 -3.7 -3.3 -2.6
  -3.1 -2.6 -3.2 -2.9 -6.1
  -2.7 -2.9 -3.2 -2.7 -2.9 -2.6
  -1.9 -3.2 -2.8 -2.0 -2.4 -2.2 -1.5
  NA   NA   NA   NA   NA   NA   NA   NA
  -2.6 -2.9 -3.2 -3.3 -3.3 -2.5 -2.8  NA -3.5
  -3.9 -3.3 -3.2 -2.9 -4.2 -3.2 -2.7  NA -3.4 -4.9
  -3.7 -3.0 -3.0 -2.7 -4.0 -3.1 -2.4  NA -3.1 -4.6 -4.3
  -1.9 -2.0 -3.0 -3.5 -2.4 -2.7 -3.2  NA -2.2 -2.9 -2.5 -1.7
  -3.8 -3.1 -3.3 -2.7 -4.2 -3.3 -2.7  NA -3.5 -4.7 -4.4 -2.9 -4.8
  -3.7 -3.0 -3.2 -2.7 -4.1 -3.0 -2.4  NA -3.3 -4.5 -4.2 -2.8 -4.6 -4.3
  -2.3 -2.4 -2.7 -2.3 -2.8 -2.5 -1.8  NA -2.6 -3.0 -2.8 -1.8 -3.4 -3.1 -2.2
  -2.4 -2.6 -2.8 -2.8 -3.0 -2.3 -2.3  NA -2.7 -3.0 -2.6 -2.3 -3.0 -2.8 -2.2 -2.4
  -3.2 -3.1 -3.4 -3.2 -3.5 -3.1 -2.7  NA -3.2 -3.8 -3.3 -2.8 -3.8 -3.4 -2.8 -2.9 -3.5
  -3.8 -3.5 -3.5 -3.2 -4.3 -3.3 -2.8  NA -3.6 -4.7 -4.4 -3.3 -4.8 -4.4 -3.7 -3.1 -3.7 -4.7
  -3.7 -3.6 -3.5 -3.5 -3.8 -3.4 -3.0  NA -3.7 -4.4 -4.1 -3.5 -4.4 -4.1 -3.5 -3.1 -3.6 -4.3 -4.1
  -4.1 -3.5 -3.5 -2.8 -4.3 -3.4 -2.8  NA -3.5 -5.0 -4.7 -3.1 -4.7 -4.6 -3.2 -3.1 -3.9 -4.8 -4.5 -5.1
//
