H ROBB790102
D Interaction energies derived from side chain contacts in the interiors of
  known protein structures
R PMID:513136
A Robson, B. and Osguthorpe, D.J.
T Refined Models for Computer-Simulation of Protein Folding - Applications
  to the Study of Conserved Secondary Structure and Flexible Hinge Points 
  During the Folding of Pancreatic Trypsin-Inhibitor
J J. Mol. Biol. 132, 19-51 (1979)
* (Glu is not available)
M rows = ARNDCQEGHILKMFPSTWYV, cols = ARNDCQEGHILKMFPSTWYV
  -0.268
   0.529 3.717
   0.010 1.153  0.130
   0.926 5.172  1.921  6.271
  -0.180 5.014  0.245 10.310 -20.000
   0.017 1.212  0.149  2.021   0.296  0.169
   0.902 4.911  1.835  6.052   9.050  1.926  5.832
    NA    NA     NA     NA      NA     NA     NA    NA
  -0.187 1.759  0.088  3.336  -0.099  0.112  3.090   NA  -0.106
  -0.899 1.278 -0.577  3.643  -0.811 -0.547  3.248   NA  -0.818 -1.530
  -0.865 2.952 -0.542  8.760  -0.777 -0.513  7.540   NA  -0.784 -1.496 -1.461
   0.920 4.514  1.808  5.256   8.223  1.910  5.139   NA   3.084  3.368  7.538  4.533
  -0.525 6.049 -0.202 14.958  -0.437 -0.173 12.775   NA  -0.443 -1.156 -1.121 11.998 -0.781
  -0.961 0.394 -0.638  1.098  -0.873 -0.609  1.021   NA  -0.879 -1.592 -1.557  1.135 -1.217 -1.653
  -1.470 0.099 -1.148  0.322  -1.382 -1.118  0.449   NA  -1.389 -2.101 -2.066  0.817 -1.726 -2.162 -2.672
   0.022 1.048  0.134  1.660   0.376  0.153  1.603   NA   0.133 -0.476 -0.441  1.554 -0.101 -0.537 -1.047  0.128
  -0.177 1.054  0.053  1.890  -0.089  0.067  1.792   NA  -0.096 -0.808 -0.773  1.786 -0.433 -0.869 -1.379  0.072 -0.085
  -1.052 2.069 -0.730  7.299  -0.964 -0.700  6.288   NA  -0.971 -1.683 -1.649  6.663 -1.308 -1.744 -2.254 -0.629 -0.961 -1.836
  -0.899 2.657 -0.577  8.069  -0.811 -0.547  6.961   NA  -0.818 -1.530 -1.495  7.042 -1.155 -1.591 -2.101 -0.476 -0.807 -1.683 -1.530
  -0.617 0.944 -0.295  2.100  -0.529 -0.265  1.944   NA  -0.536 -1.248 -1.214  2.000 -0.874 -1.310 -1.819 -0.194 -0.526 -1.401 -1.248 -0.966
//
