H SIMK990102
D Distance-dependent statistical potential (contacts within 5-7.5 Angstrooms)
R PMID:11782533
A Simons, K.T., Ruczinski, I., Kooperberg, C., Fox, B.A., Bystroff, C. and Baker,
  D.
T Improved recognition of native-like protein structures using
  a combination of sequence-dependent and sequence-independent
  features of proteins
J Proteins 34, 82-95 (1999)
M rows = ARNDCQEGHILKMFPSTWYV, cols = ARNDCQEGHILKMFPSTWYV
  -0.02226
   0.09517  0.07551
   0.02956 -0.20477 -0.43720
   0.13313 -0.75762 -0.36779 -0.21301
  -0.04411  0.21192  0.05061  0.16627 -0.35421
   0.08891 -0.10846 -0.29003 -0.22107  0.06070 -0.25399
   0.15220 -0.73107 -0.29050 -0.05421  0.46641 -0.22637 -0.06802
  -0.05662 -0.11493 -0.20722 -0.13454 -0.15618 -0.16506 -0.01456 -0.14051
   0.02143  0.02841 -0.22095 -0.51082 -0.08947 -0.13022 -0.38576 -0.17065 -0.55055
  -0.03193  0.34774  0.49079  0.64069  0.08276  0.31459  0.51696  0.27635  0.51369 -0.38531
   0.01865  0.31116  0.49954  0.67107  0.03309  0.32215  0.47591  0.33203  0.31403 -0.35708 -0.36593
   0.14682  0.05722 -0.28908 -0.83773  0.30183 -0.21644 -0.84899 -0.13111  0.15045  0.37502  0.42522  0.06908
  -0.08634  0.23747  0.13447  0.34501 -0.03164  0.13752  0.21535  0.15193  0.04739 -0.15359 -0.14099  0.32782 -0.16514
  -0.14905  0.27997  0.27039  0.33380 -0.08872  0.11689  0.29542  0.05265  0.09431 -0.09249 -0.12690  0.31158 -0.11997 -0.19925
   0.08000 -0.11752 -0.22235 -0.10799 -0.09590 -0.18800 -0.08512 -0.05692 -0.05316  0.19667  0.20002 -0.01420  0.08185  0.16121 -0.20538
   0.00350 -0.18824 -0.23763 -0.17464 -0.06203 -0.19343 -0.21143 -0.20971 -0.19378  0.35197  0.34207 -0.13103  0.10816  0.09814 -0.11199 -0.18928
   0.00526 -0.05800 -0.15047 -0.04369 -0.02885 -0.16004 -0.12650 -0.08635 -0.08904  0.11428  0.15723 -0.12997  0.10441  0.14806 -0.13377 -0.07783 -0.08219
  -0.11261  0.04019  0.03693 -0.00891 -0.17325 -0.03032 -0.09799 -0.09435 -0.02796  0.13403  0.13555  0.14321  0.00104 -0.05715 -0.13591 -0.03151  0.03798 -0.05100
  -0.05314  0.01551  0.05800 -0.12981  0.00201 -0.02419 -0.03815 -0.00928  0.00739  0.08237  0.03594 -0.03110 -0.01117 -0.03704 -0.10661 -0.02162  0.06792 -0.00889  0.00158
  -0.02354  0.33249  0.40194  0.49624 -0.01849  0.28120  0.41691  0.14201  0.34177 -0.27482 -0.27941  0.33110 -0.07385 -0.12269  0.15123  0.25468  0.08308  0.07499  0.04100 -0.25929
//
