H SIMK990103
D Distance-dependent statistical potential (contacts within 7.5-10 Angstrooms)
R PMID:11782533
A Simons, K.T., Ruczinski, I., Kooperberg, C., Fox, B.A., Bystroff, C. and Baker,
  D.
T Improved recognition of native-like protein structures using
  a combination of sequence-dependent and sequence-independent
  features of proteins
J Proteins 34, 82-95 (1999)
M rows = ARNDCQEGHILKMFPSTWYV, cols = ARNDCQEGHILKMFPSTWYV
  -0.06711
   0.06154 -0.08474
   0.09263 -0.15773 -0.17967
   0.08686 -0.30946 -0.15017 -0.17210
   0.04917  0.10341  0.02032  0.08274 -0.17110
   0.07189 -0.13486 -0.11794 -0.12196  0.02698 -0.09693
   0.10110 -0.28982 -0.09284 -0.14442  0.12837 -0.10631 -0.17005
   0.02605 -0.05025 -0.02792 -0.01798 -0.06868 -0.02051  0.04571 -0.08089
   0.06456 -0.02235 -0.07118 -0.12234 -0.05122 -0.07235 -0.08473 -0.00788 -0.36006
  -0.10028  0.19111  0.16954  0.17048  0.00854  0.13563  0.14349  0.02672  0.16715 -0.12746
  -0.08988  0.18513  0.12818  0.14879 -0.00733  0.12921  0.14917  0.01380  0.12272 -0.08644 -0.06027
   0.06167 -0.03348 -0.17589 -0.28130  0.10403 -0.16154 -0.32208  0.00219  0.05396  0.16985  0.10764 -0.19507
  -0.03220  0.07068  0.11448  0.06630 -0.10678  0.01964  0.07144 -0.02177  0.03768 -0.00634  0.01406  0.15021 -0.00959
   0.02583  0.15212  0.09736  0.14568 -0.05523  0.06410  0.11831  0.07023  0.03701 -0.08883 -0.11808  0.14062 -0.11397 -0.10140
   0.04566 -0.16615 -0.09111 -0.05572  0.01966 -0.08858 -0.10634 -0.04698 -0.05851  0.12930  0.07467 -0.12627  0.09356  0.12370 -0.13648
   0.05356 -0.09178 -0.07509  0.00009 -0.00836 -0.05424  0.00702  0.00867 -0.06447  0.04214  0.01289 -0.03768 -0.02411 -0.01294 -0.02111  0.01170
   0.04740 -0.04650 -0.02649  0.00758 -0.04399 -0.01817 -0.02133 -0.00796 -0.03512  0.00418  0.01068 -0.01572 -0.00949  0.03108  0.02446 -0.01390 -0.01606
   0.08732  0.07735  0.00987  0.02263 -0.02572 -0.06867 -0.04921  0.10405 -0.11836  0.03430 -0.06007  0.14702 -0.06644 -0.11108  0.01048  0.01889  0.01650 -0.07522
   0.03904  0.02232 -0.01661 -0.05851 -0.01389 -0.04713 -0.08186  0.04000 -0.03306  0.02135  0.00677  0.06447 -0.00096 -0.02173 -0.05590  0.00139  0.00633 -0.09071 -0.03925
  -0.07279  0.17288  0.10802  0.14779  0.00772  0.11813  0.11895  0.02340  0.07075 -0.13605 -0.06701  0.12223 -0.01508 -0.04855  0.11169  0.03754  0.01024  0.01594  0.03319 -0.10756
//
