H SIMK990104
D Distance-dependent statistical potential (contacts within 10-12 Angstrooms)
R PMID:11782533
A Simons, K.T., Ruczinski, I., Kooperberg, C., Fox, B.A., Bystroff, C. and Baker,
  D.
T Improved recognition of native-like protein structures using
  a combination of sequence-dependent and sequence-independent
  features of proteins
J Proteins 34, 82-95 (1999)
M rows = ARNDCQEGHILKMFPSTWYV, cols = ARNDCQEGHILKMFPSTWYV
  -0.01427
   0.00319 -0.07401
   0.03854 -0.05011 -0.03011
   0.03348 -0.04608 -0.01565 -0.01488
   0.01382 -0.02161  0.00085  0.05671 -0.03752
   0.02023 -0.02214 -0.02505 -0.00434  0.02667 -0.06601
   0.02897 -0.05432 -0.01793 -0.00697  0.03232 -0.02655 -0.08009
   0.03371  0.00933 -0.00528 -0.02100 -0.02424 -0.02658  0.03380 -0.02023
   0.01652  0.02289 -0.02616  0.01351 -0.06586 -0.00106  0.01615 -0.08543 -0.11699
  -0.04417  0.06128  0.02517  0.00868  0.04323  0.04162  0.03018  0.00072  0.06119 -0.03438
  -0.02847  0.01866  0.02276  0.00746  0.00556 -0.00516 -0.02856  0.03720 -0.00183 -0.01016 -0.01409
   0.02223 -0.03842 -0.04689 -0.05616  0.08814  0.01306 -0.09281  0.06072  0.07429  0.00004 -0.01861 -0.12343
   0.00464  0.04384 -0.00145  0.02495  0.00328  0.01284  0.00847  0.00033  0.03515 -0.04361  0.01546  0.03596 -0.08561
  -0.02317  0.00793  0.00709  0.02231 -0.06254  0.01941  0.01009  0.00280 -0.00113 -0.02499 -0.00421  0.01523  0.00735  0.03221
   0.02263 -0.01342 -0.07512 -0.08884 -0.02198 -0.06324 -0.05330 -0.01507  0.02330  0.07910  0.04662 -0.06779  0.02119  0.05823 -0.08318
   0.00275 -0.00075 -0.00988  0.01674 -0.01602  0.02246  0.04724 -0.02573  0.00237  0.00588 -0.00136  0.05413 -0.02691 -0.00236  0.00469 -0.01442
   0.00640  0.03515  0.00571 -0.01276 -0.01331  0.01648 -0.00250 -0.01628  0.01188 -0.02153  0.00533  0.02293  0.00568  0.01079  0.01434  0.00670 -0.00561
   0.01054 -0.03369 -0.01820 -0.03207 -0.09886  0.00147 -0.01159 -0.06240 -0.05614  0.09042  0.05414  0.03346 -0.01871 -0.02970 -0.01974 -0.03103  0.08390 -0.11149
   0.01209 -0.04663 -0.02262 -0.00868  0.03435 -0.03331  0.00113 -0.01505 -0.01576  0.07198  0.03288  0.00194 -0.01283  0.00165 -0.04774 -0.03088 -0.02709 -0.01196 -0.05834
  -0.02005  0.03622  0.04989  0.03410 -0.01558  0.01771  0.04775  0.00420  0.01640 -0.04232 -0.00721  0.01947  0.03434 -0.00626  0.06160 -0.00012 -0.01448  0.03785  0.03352 -0.06684
//
