H SKOJ000101
D Statistical quasichemical potential with the partially composition-corrected
  pair scale
R PMID:10651034
A Skolnick, J., Kolinski, A. and Ortiz, A.
T Derivation of protein-specific pair potentials based on weak sequence
  fragment similarity
J Proteins 38, 3-16 (2000)
M rows = ARNDCQEGHILKMFPSTWYV, cols = ARNDCQEGHILKMFPSTWYV
   1.0
   0.4 -0.1
   0.8  0.0  0.1
   1.1 -0.6  0.0  0.6
   0.6  0.2  0.5  0.5 -1.7
   0.6  0.0  0.0  0.2  0.2  0.0
   1.1 -0.5  0.3  0.7  0.8  0.2  1.0
   1.4  0.3  0.6  0.8  0.9  0.8  1.1 1.7
   0.5 -0.1  0.0 -0.2 -0.2 -0.1 -0.1 0.7 -0.6
  -0.3 -0.2  0.4  0.6 -0.5  0.0  0.3 0.5  0.0 -1.1
  -0.1 -0.2  0.3  0.6 -0.5  0.0  0.4 0.7  0.0 -1.2 -1.1
   1.0  0.6  0.3 -0.2  0.9  0.1 -0.4 0.7  0.6  0.4  0.3  1.6
  -0.2  0.0  0.1  0.4 -0.5 -0.1  0.4 0.6 -0.3 -0.8 -1.0  0.3 -1.0
  -0.2 -0.4  0.0  0.4 -0.8 -0.1  0.2 0.4 -0.3 -1.1 -1.1  0.3 -1.1 -1.2
   0.8  0.1  0.6  0.9  0.4  0.4  0.5 1.1  0.3  0.1  0.1  0.8  0.0 -0.2  0.9
   0.9  0.3  0.4  0.3  0.4  0.2  0.4 0.9  0.1  0.4  0.4  0.7  0.3  0.1  0.6  0.5
   0.6  0.0  0.2  0.1  0.1  0.1  0.2 0.6  0.0 -0.2  0.0  0.5 -0.1 -0.2  0.5  0.2  0.2
  -0.5 -0.6 -0.2  0.0 -0.7 -0.5 -0.2 0.2 -0.7 -1.1 -1.1 -0.1 -1.2 -1.3 -0.7 -0.2 -0.3 -1.1
  -0.2 -0.7 -0.2 -0.1 -0.3 -0.3 -0.2 0.3 -0.7 -0.8 -0.9 -0.2 -0.8 -0.9 -0.5  0.1 -0.2 -1.1 -0.7
  -0.1  0.1  0.5  0.8 -0.5  0.3  0.5 0.8 -0.1 -1.0 -0.9  0.5 -0.8 -0.9  0.2  0.4 -0.1 -0.9 -0.7 -0.8
//
