H THOP960101
D Mixed quasichemical and optimization-based protein contact potential
R PMID:8876187 
A Thomas, P.D. and Dill, K.A.
T An iterative method for extracting energy-like quantities 
  from protein structures
J Proc. Natl. Acad. Sci. USA 93, 11628-11633 (1996)
M rows = ARNDCQEGHILKMFPSTWYV, cols = ARNDCQEGHILKMFPSTWYV
  -0.08
   0.07  0.23
  -0.14  0.04 -0.86
   0.10 -0.15 -0.12  0.60
  -0.30 -0.40 -0.32  0.55 -1.79
  -0.11  0.62 -0.05  0.46 -0.49 -0.08
   0.03 -0.26 -0.25  0.68  0.04  0.62  0.21
  -0.09 -0.15 -0.18 -0.06 -0.42  0.12  0.40  0.04
  -0.15 -0.01  0.06 -0.06 -0.82  0.05 -0.53  0.00  0.14
  -0.64 -0.08  0.39  0.04 -0.48 -0.39 -0.20  0.40 -0.52 -0.71
  -0.57 -0.10 -0.10  0.50 -0.69 -0.13 -0.05 -0.08 -0.36 -1.04 -1.14
   0.00  0.30  0.18 -0.09  0.00  0.04 -0.09  0.10  0.14 -0.26  0.10  1.45
   0.05 -0.43  0.31  1.07 -1.23 -0.54  0.02  0.00 -0.35 -0.41 -0.31  0.55  0.36
  -0.05 -0.22 -0.02  0.20 -0.98  0.10  0.19  0.21 -0.75 -0.66 -1.02 -0.17 -1.03 -0.61
   0.41 -0.02  0.11  0.84  0.07 -0.21  0.33  0.40 -0.22  0.25  0.09  0.51 -0.25 -0.43  0.28
  -0.01  0.61  0.37 -0.09 -0.20  0.40  0.30 -0.04 -0.59 -0.13 -0.07  0.18 -0.47  0.14  0.44 -0.13
  -0.22 -0.17 -0.27 -0.03 -0.38 -0.17  0.15  0.13 -0.27 -0.29 -0.39  0.09  0.06 -0.19  0.36  0.05  0.26
  -0.08 -0.78 -0.68  0.24 -0.30  0.40  0.32 -0.14 -0.41 -0.89 -0.97 -0.30 -0.07 -0.89 -0.44 -0.20  0.07  0.02
  -0.37  0.21 -0.74  0.11 -0.96 -0.39  0.22 -0.32 -0.67 -0.87 -0.60 -0.20 -1.10 -0.82 -0.45  0.25 -0.23 -0.99  0.35
  -0.60 -0.48 -0.24  0.25 -0.94 -0.09 -0.02 -0.20 -0.35 -0.98 -1.03 -0.08 -0.94 -0.78 -0.08 -0.31  0.06 -0.60 -0.70 -1.15
//
