H TOBD000102
D Optimization-derived potential obtained for large set of decoys
R PMID:10813832
A Tobi, D., Shafran, G., Linial, N. and Elber, R.
T On the design and analysis of protein folding potentials
J Proteins 40, 71-85 (2000)
M rows = ARNDCQEGHILKMFPSTWYV, cols = ARNDCQEGHILKMFPSTWYV
  -0.15
  -0.16  0.65
   1.01  0.14 -0.45
   0.62 -0.57 -0.53  0.89
  -0.96 -0.25  0.18 -0.50 -2.11
   0.16  1.24  0.57  0.78 -0.54  0.41
  -0.02 -0.70 -0.19  0.83  0.65  0.28  1.59
   0.23  0.84  0.12  0.37 -0.74 -0.36  0.48  0.01
   0.29  0.36 -0.06 -0.07 -0.66 -0.60  1.27  0.42 -2.26
  -0.85 -0.22  0.22 -0.18 -1.02  0.66  0.31 -0.04 -0.31 -1.10
  -0.72 -0.04 -0.19  1.12 -0.24  0.10  0.99 -0.20 -0.31 -1.15 -1.60
   0.96  1.24  0.38 -0.55 -0.38 -0.04 -0.36  0.95 -0.01 -0.01  1.02  2.28
  -0.85  0.67  0.66  0.42 -1.30  0.41  0.00 -0.63  0.18  0.07 -1.39  1.66 -1.89
  -0.79  0.43  0.50  0.35 -0.96 -0.10 -0.56 -0.10  0.52 -0.76 -1.24 -0.01 -1.04 -1.39
   0.08 -0.31 -0.25  0.83 -0.45 -0.07  0.24  0.16  0.93  0.43 -0.27  0.45 -0.22 -0.09  0.41
   0.24  0.91 -0.17  0.29 -0.41  0.27  1.14 -0.09 -0.28 -0.14  1.13  0.13 -0.59 -0.01  0.48  1.31
   0.33 -0.44  1.23 -0.35  0.00 -0.28 -0.11  0.73 -0.27 -0.18 -0.18 -0.16 -0.62 -0.29  0.34  0.03 -0.41
   0.24 -0.14 -0.04 -1.41 -0.32  0.00  1.13  0.87  0.91 -1.90 -0.85  0.33 -0.30  0.58 -2.51 -0.77  0.32 -1.35
  -0.50  0.54  0.22 -0.27 -0.23 -0.79 -0.84 -0.62 -1.34 -1.42 -0.53 -1.06  0.02 -1.43 -0.17 -0.86 -0.19 -1.96 -1.35
  -0.36  0.53  0.54  0.20 -0.58 -0.06  0.47 -0.43  0.51 -1.46 -0.77  0.75 -1.22 -0.89  0.75  0.14  0.29 -0.18 -0.30 -1.32
//
