H TOBD000101
D Optimization-derived potential obtained for small set of decoys
R PMID:10813832
A Tobi, D., Shafran, G., Linial, N. and Elber, R.
T On the design and analysis of protein folding potentials
J Proteins 40, 71-85 (2000)
M rows = ARNDCQEGHILKMFPSTWYV, cols = ARNDCQEGHILKMFPSTWYV
  -0.17
   0.03  1.01
   0.33  0.82 -0.68
   0.58 -0.40  0.28 -0.24
  -0.48  0.80 -1.89 -0.32 -2.94
  -0.14  0.50  0.87 -0.26 -0.84  0.73
   0.29 -0.91  0.78  0.18  0.16  0.48  1.03
   0.43  0.12  0.46 -0.55  0.14 -0.08  0.88 -0.30
   0.66 -0.62  0.95  0.63 -2.34  0.83 -0.17  0.19 -3.30
  -0.79  0.31  0.48  0.19 -0.26  0.31 -0.47  0.31 -0.37 -0.27
  -0.13  0.28  1.17  0.41 -0.25 -0.22 -0.05  0.23 -0.17 -0.58 -1.42
   0.18  0.56  0.00 -0.71  0.45  0.86 -0.34  0.82  0.79 -0.08  0.43  1.01
  -0.82  0.40  1.92  0.08 -1.99  0.16  0.06  0.08 -0.52  0.03 -0.36  0.77 -1.08
  -0.49 -0.89  0.36  0.50 -2.52 -0.65 -0.12  0.90 -1.03 -0.72 -0.89  0.32 -1.37 -2.38
   0.87 -0.59  0.08  0.20 -0.19  0.24 -0.18 -0.81 -1.01 -0.33  0.08  0.42 -0.75  1.41  0.06
   0.18  0.84 -0.78  0.32  0.47  0.18  0.15 -0.05  1.17  0.49  0.80 -0.04 -0.20 -0.79  0.60  0.03
  -0.45 -0.19  0.13  0.49 -1.38 -0.20  0.81  0.10  0.80 -0.29  0.30  0.38 -0.40  0.32  0.47  0.32 -0.38
  -0.04  0.23  1.45 -0.05 -2.09 -1.14 -0.41  0.51  1.10 -0.63 -0.44 -0.38 -0.33 -0.80 -2.24 -0.08 -0.61 -0.97
  -0.08 -1.64  0.43  0.04 -0.65 -0.64 -0.16 -0.56 -1.02 -1.34  0.25 -0.20 -0.19 -0.79 -0.68 -0.83  0.67 -0.85 -2.22
  -0.54  0.41  0.71  0.31 -0.46  0.37  0.34 -0.12  0.67 -0.98 -1.03  0.17 -0.93 -0.43  0.32  0.52  0.24 -0.41 -0.50 -0.53
//
