H VENM980101
D Statistical potential derived by the maximization of the perceptron criterion
R 
A Vendruscolo, M. and Domany E.
T Pairwise contact potentials are unsuitable for protein folding
J J. Chem. Phys. 109, 11101-11108 (1998)
M rows = ARNDCQEGHILKMFPSTWYV, cols = ARNDCQEGHILKMFPSTWYV
  -0.02808
   0.01438  0.0543
   0.09084 -0.0321 -0.07726
   0.01673 -0.1196  0.07582  0.08769
   0.00069  0.1005  0.00943  0.01585 -0.18164
   0.02297 -0.1314  0.04386 -0.08755  0.03575  0.0197
   0.09398 -0.1873 -0.00720 -0.00952  0.02004 -0.0372  0.0865
   0.00253  0.0711 -0.03475 -0.06461 -0.01841  0.0200  0.0860 -0.1748
   0.00916 -0.0218 -0.00094 -0.03380 -0.03699  0.0522 -0.1188  0.0876 -0.02649
  -0.10044  0.0338  0.04248  0.01813 -0.00256  0.0548  0.0500  0.0339 -0.00602 -0.0449
  -0.00789  0.0164  0.01271  0.02074  0.07471  0.0215  0.0173  0.0932  0.01358 -0.1608 -0.0980
   0.04718  0.0131  0.00884 -0.09309  0.01137 -0.0489 -0.1536  0.0376  0.02636  0.0175  0.0509  0.1122
   0.07572  0.0583  0.03734  0.06106  0.13069  0.0304  0.1327  0.0944 -0.01512 -0.0974 -0.0624  0.0602  0.0140
   0.03878  0.0041  0.00294  0.01164 -0.04520 -0.1336  0.0136 -0.1882 -0.09404 -0.1160 -0.0551  0.0384 -0.0876 -0.11542
   0.07816 -0.0620  0.01251  0.04375 -0.01505 -0.0837  0.0724  0.0982 -0.07370  0.0427  0.0211  0.1598 -0.0395  0.06601  0.013
   0.00648  0.0856 -0.00054  0.00055  0.01582 -0.0284 -0.1229 -0.0505  0.00167  0.0070  0.0255 -0.0366  0.0551 -0.00013  0.112 -0.06670
  -0.03831 -0.0930  0.00302 -0.04220  0.14216  0.0725  0.0788 -0.0574 -0.00499  0.0158  0.0169  0.0082  0.0894  0.01352  0.062  0.00262  0.06636
   0.00950 -0.0219 -0.01788 -0.00609  0.04886 -0.0157  0.1134  0.1083 -0.01956  0.0093 -0.0410  0.0117 -0.2448  0.00303 -0.174  0.07002  0.06563 -0.0382
   0.01587 -0.0652 -0.07248  0.00165  0.02167 -0.0290 -0.0183  0.0607 -0.07678 -0.0112  0.0540 -0.1090  0.0085  0.01074 -0.091  0.06797  0.05679  0.0610 -0.0484
  -0.08515  0.0230  0.01472  0.06840 -0.06069  0.0097  0.0595  0.0406 -0.00100 -0.1095 -0.1274  0.0331 -0.0634 -0.03358  0.027  0.03116 -0.00024  0.0260 -0.0303 -0.07182
//
