H ZHAC000101
D Environment-dependent residue contact energies (rows = helix, cols = helix)
R PMID:10706611
A Zhang, C. and Kim, S.H.
T Environment-dependent residue contact energies for proteins
J Proc. Natl. Acad. Sci. USA 97, 2550-2555 (2000)
M rows = ARNDCQEGHILKMFPSTWYV, cols = ARNDCQEGHILKMFPSTWYV
  -1.65
   0.02  1.08
  -0.25  0.25  0.14
  -0.06 -0.16  0.09  0.53
  -2.04 -0.54 -0.95 -1.04 -2.81
   0.00  0.41  0.20  0.15 -0.41  0.59
   0.29 -0.11  0.52  1.32 -0.38  0.47  1.24
  -1.74 -0.11 -0.62 -0.67 -2.35 -0.01  0.37 -1.68
  -0.48  0.34  0.10 -0.09 -1.21  0.43 -0.09 -0.42 -0.40
  -2.09 -0.77 -0.84 -0.65 -2.99 -1.00 -0.52 -2.15 -1.18 -2.72
  -1.89 -0.63 -0.63 -0.31 -2.74 -0.64 -0.22 -1.87 -0.79 -2.93 -2.69
   0.08  1.21  0.32  0.09 -0.46  0.53  0.09 -0.16  0.40 -0.56 -0.20  1.52
  -1.28 -0.10 -0.46  0.14 -2.17 -0.23  0.27 -1.50 -1.00 -2.44 -2.37  0.20 -1.85
  -1.70 -0.39 -0.43 -0.09 -2.87 -0.48 -0.06 -1.63 -1.21 -2.46 -2.58 -0.21 -2.25 -2.45
  -0.26  0.45  0.59  0.44 -1.12  0.94  0.87 -0.45  0.31 -1.14 -0.69  0.64  0.07 -0.42  1.19
  -0.83  0.24 -0.25  0.11 -1.36  0.24  0.50 -1.11 -0.08 -1.35 -1.24  0.37 -0.57 -1.13  0.32 -0.36
  -0.78  0.09 -0.23  0.08 -1.60 -0.03  0.31 -1.23 -0.40 -1.52 -1.48  0.09 -1.12 -1.08  0.00 -0.40 -0.37
  -1.40 -0.65 -0.48 -0.04 -2.02 -0.88 -0.43 -1.58 -0.78 -2.40 -2.27 -0.55 -2.20 -2.40 -0.75 -0.72 -1.22 -1.21
  -1.10 -0.49 -0.28 -0.22 -2.05 -0.33 -0.12 -1.05 -0.59 -2.01 -1.93 -0.41 -1.69 -2.05 -0.41 -0.62 -0.74 -1.82 -1.13
  -1.84 -0.47 -0.71 -0.37 -2.72 -0.32 -0.23 -1.98 -0.88 -2.66 -2.57 -0.37 -2.05 -2.39 -0.97 -1.19 -1.38 -1.82 -1.76 -2.35
//
