H ZHAC000104
D Environment-dependent residue contact energies (rows = strand, cols = strand)
R PMID:10706611
A Zhang, C. and Kim, S.H.
T Environment-dependent residue contact energies for proteins
J Proc. Natl. Acad. Sci. USA 97, 2550-2555 (2000)
M rows = ARNDCQEGHILKMFPSTWYV, cols = ARNDCQEGHILKMFPSTWYV
  -2.52
  -1.24  0.03
  -1.22 -0.80 -0.48
  -1.22 -1.51 -1.17 -0.07
  -3.40 -0.78 -1.72 -1.34 -3.74
  -1.17 -0.68 -0.74 -0.71 -1.97 -0.10
  -0.77 -1.24 -0.67 -0.18 -0.83 -0.47  0.72
  -2.84 -1.25 -1.69 -1.64 -3.17 -1.60 -1.07 -2.60
  -1.69 -0.94 -0.67 -1.44 -2.31 -1.04 -1.17 -2.08 -1.69
  -3.27 -1.41 -1.41 -1.28 -3.73 -1.45 -1.48 -2.93 -1.86 -3.5
  -3.29 -1.18 -1.45 -1.26 -3.63 -1.38 -1.23 -2.98 -1.86 -3.7 -3.5
  -0.70  0.28 -0.35 -1.00 -0.74 -0.42 -1.06 -0.83 -0.61 -1.3 -1.2  0.47
  -2.63 -0.98 -1.32 -1.04 -3.48 -1.66 -0.64 -2.48 -1.55 -3.1 -3.1 -1.17 -1.95
  -2.99 -1.44 -1.41 -1.43 -3.61 -1.59 -1.22 -3.01 -1.83 -3.5 -3.5 -0.92 -3.13 -3.10
  -1.64 -0.84 -0.78 -0.27 -1.92 -0.58  0.38 -1.85 -0.81 -1.6 -1.9 -0.41 -1.43 -1.75  0.20
  -1.74 -0.81 -1.16 -1.09 -2.23 -1.10 -0.85 -2.03 -1.53 -1.6 -1.8 -0.83 -1.72 -1.77 -0.48 -1.03
  -1.87 -0.89 -0.90 -1.00 -2.39 -1.03 -1.17 -1.84 -1.29 -2.0 -1.8 -1.12 -1.40 -1.52 -0.72 -1.31 -1.29
  -2.20 -1.39 -1.13 -1.00 -3.03 -1.72 -1.21 -2.58 -1.50 -2.9 -2.8 -1.55 -2.31 -2.81 -2.05 -1.50 -1.00 -1.6
  -2.57 -1.57 -1.47 -1.50 -2.92 -1.31 -1.27 -2.69 -1.74 -2.9 -2.7 -1.42 -2.26 -2.73 -1.69 -1.61 -1.46 -2.0 -1.6
  -3.07 -1.26 -1.33 -1.08 -3.33 -1.33 -1.07 -2.78 -1.70 -3.5 -3.5 -1.21 -2.96 -3.21 -1.53 -1.83 -1.82 -2.4 -2.4 -3.1
//
